1387
1 2 3 4 5 6 7

185
95 217 226 227 228 229 230 231 185 7 232


607

9

11 12
1044 1045 1046
1087 275 651 137
14
1245 1246 1247 1248 1249 1250 1251 1252 1253 1254 1255 1256 1257 1258 1259 1260 1261 1262 1263 1264 1265 1266 1267 1268 1269 1270 1271 1272 1273 1274 1275 1276 1277 1278 1279 1280 1281 1282 1283 1284 1285 1286 1287 1288 1289 1290 1291 1292 1293
16
778 779 780 781 782 783 784 785 786 787 788 789 790 791 792 793 794 795 796 797 798 799 800 801 802 803 804 805 806 807 808 809 810 811 812 813 814 815 816 817 818 819 820 821 822 823 824 825 826 827
18
741 502 742 40 743 393 744 745
20 21 22 23




25 26 27 28
26
27 28
1380
1380
30 31 32 33 34 35 36 37 38 39 40 41 42 22 43 44 45 46 47 48
77
78 79 80





872 582


938








50 51 52
212 213 214 215 216 217 218 219 220 221 222 223 224 51 225
52

54 55 56 57 58 59
261
840 841

58 59
59

61
1304 1305 1306 1307 1308 324 1309 1310 1311 1312 1313 1314 1315 1316 1317 1318 1319 932 1320 1321
11
64
1323
16
67
250 251
69
1355 1007 1215
71

73 74 75 76
75 210 76
210 76
210 76

1335
746
878 231 746 99 128 879 183 880 881
23
82 83 84 85 86 87 88 89
155 485
88 293 155 485
122
122

88 293 155 485
589 542 1160 1161 1162 128 1163 836 1164 1165

14
14
93

95
502 503 80 504
97

99

14
102 103 104 105
125 105 126 27
105
1233 105

107
882
109
959 960 961 515
14
112 113


115 116 117
117
1170 1171 1172 1173 1174 1175 9

116
120
1019 744 200
122
1092 89 1351 1375
124
896 897 706 898 899 900 704 901 902 903 836 904 905
216

128

130

132 133 134 135 136 137
354 136
134 135 136 137 279
148 135
136 137
137 279
279
139

141

95
144 145 146 147 148 149 150


304 706 957 188 76 958 849

707 1198 1199
1336

152
1147 1148 1149 1150 1151
154 124 155 156
614 615 616 617 618
1364 1365 1339 1165

158
468
160 161 162
161


164 52

166 167 168 169 170 171 172 173 174 175
170 171 172 174
170 172 174
169 170 172 173 174 175
170 171 172 173 174
172 173 174 175
172 173 174
173 174 175
174 175
175

177 178 141


180 181 182 80 183 184
247




1326 1327 5 6 1328 7
124
188
1146
190
1369 1370
3
193 194 195
195
195
651
116
198
427 428 429 430 431
200
190
202 203
444 445 446 447
1050 1037
14
124
154
14
88
61 210
1312 1313 1317 1336 1319
200




548 37 531 549 64
603 604 327 605 606 607


592
592 76








231 184
185 1324 1325 7

14
235 236 237 238 239 240 241
839
240
240
190
240
241

124 243
930 558 931 932
122
246

529 659 80 660 183 184 661 23
249
1215


253 254 255
202 271 272 254 229 273 274 275

677
88 122
190 122
259 190 260
1102 342 190


249
264

88 155 122
267 268
268
875 523 652 876 64 877
270

506


910

277

137 279

281

122
284
1347 1348 1349 456
76
69
288
540 446 541 542 76 337
14
291
1125 1126 1127 360 1128 1129
293 155 122
139 1220 1162 1221 1222 1223 1165
295 296
1024
555
298
548 556 557 558 559 560 468 561 562
21 300 301

1232
146 303 304 305 306 307
11 304 12 958
305 306 307
188 1081 958
957 188 1119 1120 958 849

309

311
1203
313 314
314 647 489 195 501 648 649 650 651

316 155 317 318
317 836 318
318

164 320

190
323 324
249
249
122
327
923 876
16
330 331 332 333 334 335 336 337
631 141
332 333 334 335 336
336
336
336
336


16
14
14
259 342

344
1011 652 1012 1013 1014 1015 1016 841
346

124
55
185
351

353
407 408 409 410
1079
356 136
650 136
247 358 359 360 361 362 23


238


364 16
388 389 390 391 392 393 394 395
116
16
147 150
116
238
14
122
141
11
69
14
128
152
379 249 117
117 553
381

116
384

386

185
313



56 1130



397
754
399

14
268
403 404 405 406
404 405 406
405






16
78 79
61 210
415 416 417 418 419
418 419
418 419
419
419

421

139
424 425
1152 425

284
430 545 546
766 767

545 546
546
433

61 210 435
1319
16
438

440

442 443


536 537 538 539
249
542 337

249
11
451

116
152
313
284 128 456

458
1351
460 461 462 463
462
458
463

14
466 467 468



88 190
471 472 473

394

18
476

344
479 480 148
706 134 480 188 707 708
148 447
16
386
61 210 435
122 485
1379
487
330 509 268 510 511 512 513 514 515
313 109 489 490 491

491 1331

14
14
495

16
498

500 501
501
76 904


155 609 1331
152

342
14




190


295 161
14
519 133 520 521
133 520 161 608 521
1236 521

523 524
915 468 857
1156
526 527 528 529 530 531 532 533 534 80

549 64 609 610 23

530 582 533 534 670 80 671
37 391 582 23
884 80



14

754 906 447 907


268 446 541 652 333 75 76
306 162
155
544

1295

403
756 757 758 759 760 761
64
79
552
653 200

296 555
1302

1066 1067 1068 1069 1070





16
565
1098
14
568 569


571

61
16
14
301
14
11
579
1145
152
582 533 534
40
122
585 362

152
74
589
1206
524
220 221 592 333
333
594

14
16
598 238
966 967 968 231
600 601

116 141
184
327 751
99 918

1189




14
613


524
155


620
1078 1079
155 122
284
16
14
69
61 210 435
628

630


633
687
635

64 69
14
639
681 344 673 682 683 684
639
642 643


274 562
646 116




76

76
605
104
16
14
71
293



79 504 5 6
14
665

667

88
557
116 1118 360
23
673
134
14
676 677

1234 1235
16
284
61 210

279


69
16

689 113

210
11
14
14
61 210 435
696
1018
116
699

16
99 702
381
704

14
306


344
61
712 116

61
249 210 435
716
757 955 956
524
428 719
767
461
293
408 137 279
724

293
727 728 729
221 729


243
14
79
677
293
116
61
249
739
857
14

259 210 435




748

750

936
148
754

122






763

673
124
719

293 485
61 770

772 773 774

774

344
116
579
837

















































384 829 830
830 921

524
833

774
116


124
876 64


843

845

751
14
849

851

853 854


14
857
1378
14
14
861 155

14
14
116
866

520
293
870

116

293
11
69


109 158




109

61 210 435
887

650
14
195 651
537 203
893 699
1022
14
14










1093 1037

122
274 910

243
913

523 915 468 916


61 210

293
14

754
876 61
14
926 910
274 970
14
14
293 155 122



934 458

579

938

155
122 739
14
115 943 117

945 946 424


524
14
134
116
952

69
61 435







963
406
965




11

972

293
14
116
977 539

979 980 699


982 983
1048 1049
1049
985
504
116
122
763
293
524
61
77
190
14
116
231
998
1029 1030 1031
122
141
1002
1155
770
1005

673 875 1007

61
898
231






14

744 1218
500
1022 1023



122
14
122
152

1007 1215

14
14
184
14
1037 1038


1040 194 195
194 480 195
14
122
557



249
983


545 249
14
1054

463
524 1057 515

291
568
61 210
14
1063 1064

1357
579





122
239
1030
128
152
69
14


122
1167 1168
763
231
606
61 210
833

61 210
195
1091 1092


1184
14
61
14
77

1100 1101



1104

1106 221

610
14
1110
1344
1112

200
116
122
61
381
1294

1337
606
190
14
418 58

1127 158



190
14
589
1134

122
463
1064
1019
1134
14
61 210
14
122 318
185







425
284
333


14
1159


249 122
122



14


1064






1177
1367
1179

1181

99
185

122
171
139
128

729
14
61 435
520
14
1196 1197
1197



1201

14

249 1197
122

14
14
155
122
23
23
190
293

293
14

155




770
14
14
190
14
14
14
200




1303
14
1239

23
23
61
210
249



















































122
122
122
1112
61 210 435
139


210 435
210



435

210










184
609 23
880




1330


137 279
468
200



126 1339

983
1342 1343
1343


1346

456


279

1353

69

122

468
468
1361

1363



122

279


117
1373
1374


562
1302


279 1201
141
9
607
1215
141
463
